saveMD5 = 57e3fc46c8569d6c925ba1b5310ce5e6
vesselCount = 1
UT = 168837.92489328427
gameMode = CAREER
gameNull = False
gameCompatible = True
funds = 999701.40690341231
science = 19
reputationPercent = 18
ongoingContracts = 6
saveMD5 = 57e3fc46c8569d6c925ba1b5310ce5e6
