saveMD5 = 0173a002fee13baa6064a31b5f696502
vesselCount = 1
UT = 210814.42545914627
gameMode = CAREER
gameNull = False
gameCompatible = True
funds = 1203702.4069034122
science = 45
reputationPercent = 21
ongoingContracts = 5
saveMD5 = 0173a002fee13baa6064a31b5f696502
