saveMD5 = 2b7bcd065c3fd8efbefa4c281593e492
vesselCount = 0
UT = 1761.2072692863426
gameMode = CAREER
gameNull = False
gameCompatible = True
funds = 277683.87227964401
science = 36
reputationPercent = 4
ongoingContracts = 1
saveMD5 = 2b7bcd065c3fd8efbefa4c281593e492
