saveMD5 = 54097df614c2d3c926cf19fd8c02c093
vesselCount = 1
UT = 6771.5048852579557
gameMode = CAREER
gameNull = False
gameCompatible = True
funds = 198188.74063897284
science = 40
reputationPercent = 6
ongoingContracts = 1
saveMD5 = 54097df614c2d3c926cf19fd8c02c093
