saveMD5 = 7ba6d01b837c56494df87481a85df4a3
vesselCount = 0
UT = 151239.18201374088
gameMode = CAREER
gameNull = False
gameCompatible = True
funds = 1013715.4147159123
science = 19
reputationPercent = 18
ongoingContracts = 5
saveMD5 = 7ba6d01b837c56494df87481a85df4a3
