saveMD5 = 7835b5cc7752307c11fd90f5a6fc9bd9
vesselCount = 0
UT = 21441.978594817061
gameMode = CAREER
gameNull = False
gameCompatible = True
funds = 283186.16208750999
science = 39
reputationPercent = 7
ongoingContracts = 5
saveMD5 = 7835b5cc7752307c11fd90f5a6fc9bd9
