saveMD5 = 4f6b6a7680e8ea5226b24d842e43b7b8
vesselCount = 0
UT = 21431.078594816823
gameMode = CAREER
gameNull = False
gameCompatible = True
funds = 266311.16208750999
science = 84
reputationPercent = 7
ongoingContracts = 3
saveMD5 = 4f6b6a7680e8ea5226b24d842e43b7b8
