saveMD5 = 270537f9b4c7cdd7e843fe84e97d730f
vesselCount = 0
UT = 2767.2500476057558
gameMode = CAREER
gameNull = False
gameCompatible = True
funds = 307000.5093331337
science = 9
reputationPercent = 6
ongoingContracts = 2
saveMD5 = 270537f9b4c7cdd7e843fe84e97d730f
