saveMD5 = 35d21349e810b9f8275554a3d5c7eb76
vesselCount = 1
UT = 2152.8367694080612
gameMode = CAREER
gameNull = False
gameCompatible = True
funds = 319302.87206506729
science = 40
reputationPercent = 5
ongoingContracts = 2
saveMD5 = 35d21349e810b9f8275554a3d5c7eb76
