saveMD5 = 17192546f450a459a934eabf3e663050
vesselCount = 1
UT = 6810.2248852588009
gameMode = CAREER
gameNull = False
gameCompatible = True
funds = 42178.740638972842
science = 40
reputationPercent = 6
ongoingContracts = 1
saveMD5 = 17192546f450a459a934eabf3e663050
