saveMD5 = 8910da48bab5302be3f45ffd5d4001fc
vesselCount = 1
UT = 4187.4906079075508
gameMode = CAREER
gameNull = False
gameCompatible = True
funds = 349288.8925573841
science = 28
reputationPercent = 3
ongoingContracts = 0
saveMD5 = 8910da48bab5302be3f45ffd5d4001fc
