saveMD5 = 613a9d4ed0120d52118c425508daaa36
vesselCount = 1
UT = 132502.65604371353
gameMode = CAREER
gameNull = False
gameCompatible = True
funds = 476164.84686681931
science = 23
reputationPercent = 13
ongoingContracts = 4
saveMD5 = 613a9d4ed0120d52118c425508daaa36
