saveMD5 = 090c09fce5de8cf2715ea44492122712
vesselCount = 1
UT = 210815.79277359872
gameMode = CAREER
gameNull = False
gameCompatible = True
funds = 1197128.4029971622
science = 45
reputationPercent = 21
ongoingContracts = 5
saveMD5 = 090c09fce5de8cf2715ea44492122712
