saveMD5 = 614003bc1b8dc48c87304b9dc6b5e078
vesselCount = 0
UT = 167614.29716813067
gameMode = CAREER
gameNull = False
gameCompatible = True
funds = 1047315.4108096623
science = 19
reputationPercent = 18
ongoingContracts = 6
saveMD5 = 614003bc1b8dc48c87304b9dc6b5e078
