saveMD5 = 775140f5d179d75c4f9c80340245f8ad
vesselCount = 1
UT = 23088.975698734172
gameMode = CAREER
gameNull = False
gameCompatible = True
funds = 312851.01979000348
science = 44
reputationPercent = 7
ongoingContracts = 2
saveMD5 = 775140f5d179d75c4f9c80340245f8ad
