saveMD5 = 2a76fe72ada2a9da00103826571195a6
vesselCount = 0
UT = 23650.512855728761
gameMode = CAREER
gameNull = False
gameCompatible = True
funds = 336664.74653203273
science = 4
reputationPercent = 7
ongoingContracts = 1
saveMD5 = 2a76fe72ada2a9da00103826571195a6
