saveMD5 = 117475b6b4fb24b4851c5f11f0cc886d
vesselCount = 0
UT = 24675.503710243018
gameMode = CAREER
gameNull = False
gameCompatible = True
funds = 438268.85467931925
science = 7
reputationPercent = 10
ongoingContracts = 3
saveMD5 = 117475b6b4fb24b4851c5f11f0cc886d
